epoch,CPU,RAM
0.0,0.0,5.1
0.15770292282104492,0.0,5.1
0.3150341510772705,0.0,5.1
0.472257137298584,0.0,5.1
0.6295530796051025,0.0,5.1
0.7866129875183105,0.0,5.1
0.9443421363830566,0.0,5.1
1.1017749309539795,0.0,5.1
1.2591040134429932,0.0,5.1
1.4163589477539062,0.0,5.1
1.5735549926757812,0.0,5.1
1.7306230068206787,0.0,5.1
1.887789011001587,0.0,5.1
2.0450971126556396,0.0,5.1
2.2028751373291016,0.0,5.1
2.3599300384521484,0.0,5.1
2.5173871517181396,0.0,5.1
2.6746530532836914,0.0,5.1
2.831908941268921,0.0,5.1
2.9892971515655518,33.3,5.1
3.14642596244812,0.0,5.1
3.303528070449829,0.0,5.1
3.4606781005859375,0.0,5.1
3.6179211139678955,0.0,5.1
3.773606061935425,0.0,5.1
3.9302361011505127,0.0,5.1
4.087512969970703,0.0,5.1
4.245311975479126,0.0,5.1
4.402647018432617,0.0,5.1
4.559162139892578,0.0,5.1
4.715640068054199,0.0,5.1
4.872606992721558,0.0,5.1
5.028592109680176,0.0,5.1
5.185034990310669,0.0,5.1
5.341336965560913,0.0,5.1
5.499776124954224,0.0,5.1
5.65775203704834,0.0,5.1
5.813955068588257,0.0,5.1
5.970670938491821,0.0,5.1
6.1267900466918945,6.7,5.1
6.283337116241455,0.0,5.1
6.440026044845581,0.0,5.1
6.597100019454956,0.0,5.1
6.7548041343688965,0.0,5.1
6.912851095199585,0.0,5.1
7.070317983627319,0.0,5.1
7.228739023208618,0.0,5.1
7.386615037918091,0.0,5.1
7.5442681312561035,0.0,5.1
7.70127010345459,0.0,5.1
7.8592469692230225,0.0,5.1
8.01699709892273,0.0,5.1
8.174274921417236,0.0,5.1
8.332237958908081,0.0,5.1
8.48946213722229,0.0,5.1
8.646975040435791,0.0,5.1
8.804242134094238,0.0,5.1
8.961477041244507,0.0,5.1
9.118660926818848,0.0,5.1
9.276031970977783,0.0,5.1
9.433349132537842,0.0,5.1
9.590582132339478,0.0,5.1
9.747802972793579,0.0,5.1
9.904956102371216,0.0,5.1
10.062170028686523,0.0,5.1
10.219319105148315,0.0,5.1
10.37674593925476,0.0,5.1
10.534038066864014,0.0,5.1
10.691512107849121,0.0,5.1
10.848766088485718,0.0,5.1
11.005247116088867,0.0,5.1
11.161172151565552,0.0,5.1
11.31843113899231,0.0,5.1
11.475090980529785,0.0,5.1
11.632625102996826,0.0,5.1
11.790306091308594,0.0,5.1
11.94722294807434,0.0,5.1
12.104038000106812,0.0,5.1
12.261444091796875,0.0,5.1
12.418714046478271,0.0,5.1
12.575654029846191,0.0,5.1
12.73157811164856,0.0,5.1
12.888664960861206,0.0,5.1
13.046059131622314,0.0,5.1
13.202165126800537,0.0,5.1
13.359673023223877,0.0,5.1
13.517030000686646,0.0,5.1
13.674485921859741,0.0,5.1
13.834028005599976,0.0,5.1
13.990994930267334,0.0,5.1
14.148483037948608,0.0,5.1
14.305514097213745,0.0,5.1
14.462954998016357,0.0,5.1
14.619493007659912,0.0,5.1
14.777022123336792,0.0,5.1
14.935270071029663,6.7,5.1
15.09243106842041,0.0,5.1
15.24960708618164,0.0,5.1
15.406605005264282,0.0,5.1
15.565850019454956,0.0,5.1
15.722381114959717,0.0,5.1
15.879647016525269,0.0,5.1
16.036826133728027,0.0,5.1
16.194015979766846,0.0,5.1
16.351213932037354,0.0,5.1
16.50850510597229,0.0,5.1
16.66569495201111,0.0,5.1
16.823012113571167,0.0,5.1
16.980250120162964,0.0,5.1
17.137501001358032,0.0,5.1
17.294925928115845,0.0,5.1
17.452641010284424,0.0,5.1
17.610146045684814,0.0,5.1
17.767166137695312,0.0,5.1
17.924406051635742,0.0,5.1
18.08162212371826,0.0,5.1
18.23896098136902,0.0,5.1
18.39626908302307,0.0,5.1
18.55368399620056,0.0,5.1
18.71074414253235,0.0,5.1
18.86811113357544,0.0,5.1
19.025352954864502,0.0,5.1
19.182723999023438,0.0,5.1
19.339669942855835,0.0,5.1
19.496894121170044,0.0,5.1
19.654165983200073,0.0,5.1
19.81161403656006,0.0,5.1
19.96886110305786,0.0,5.1
20.12530207633972,0.0,5.1
20.28280997276306,0.0,5.1
20.44021701812744,0.0,5.1
20.597434043884277,0.0,5.1
20.754687070846558,0.0,5.1
20.911867141723633,0.0,5.1
21.06899094581604,0.0,5.1
21.225944995880127,0.0,5.1
21.38324213027954,0.0,5.1
21.54045796394348,0.0,5.1
21.697615146636963,0.0,5.1
21.854821920394897,0.0,5.1
22.012259006500244,0.0,5.1
22.169229984283447,0.0,5.1
22.326190948486328,0.0,5.1
22.483515977859497,0.0,5.1
22.640733003616333,0.0,5.1
22.797953128814697,0.0,5.1
22.95515513420105,0.0,5.1
23.112251043319702,0.0,5.1
23.269381999969482,0.0,5.1
23.42658805847168,0.0,5.1
23.583795070648193,0.0,5.1
23.741003036499023,0.0,5.1
23.89817500114441,0.0,5.1
24.055357933044434,0.0,5.1
24.21257996559143,0.0,5.1
24.36982297897339,0.0,5.1
24.527092933654785,0.0,5.1
24.684319019317627,0.0,5.1
24.84159207344055,0.0,5.1
24.998929023742676,0.0,5.1
25.156194925308228,0.0,5.1
25.313472032546997,0.0,5.1
25.470963954925537,0.0,5.1
25.628237009048462,0.0,5.1
25.785465002059937,0.0,5.1
25.942677974700928,0.0,5.1
26.100050926208496,0.0,5.1
26.257359981536865,0.0,5.1
26.414500951766968,0.0,5.1
26.571742057800293,0.0,5.1
26.72924494743347,0.0,5.1
26.886652946472168,0.0,5.1
27.04384708404541,0.0,5.1
27.201158046722412,0.0,5.1
27.358608961105347,0.0,5.1
27.51608896255493,0.0,5.1
27.673351049423218,0.0,5.1
27.830639123916626,0.0,5.1
27.98789095878601,0.0,5.1
28.145092964172363,0.0,5.1
28.302358150482178,0.0,5.1
28.459743976593018,0.0,5.1
28.617094039916992,0.0,5.1
28.774260997772217,0.0,5.1
28.93138098716736,0.0,5.1
29.08853793144226,0.0,5.1
29.245831966400146,0.0,5.1
29.40333104133606,0.0,5.1
29.560590028762817,0.0,5.1
29.717756986618042,0.0,5.1
29.8749520778656,0.0,5.1
30.032428979873657,0.0,5.1
30.18995499610901,6.2,5.1
30.347283124923706,0.0,5.1
30.50458002090454,0.0,5.1
30.661762952804565,0.0,5.1
30.81903100013733,0.0,5.1
30.976212978363037,0.0,5.1
31.133432149887085,0.0,5.1
31.29074501991272,0.0,5.1
31.447988986968994,0.0,5.1
31.605224132537842,0.0,5.1
31.762510061264038,0.0,5.1
31.919688940048218,0.0,5.1
32.076728105545044,0.0,5.1
32.23397994041443,0.0,5.1
32.39180302619934,0.0,5.1
32.549108028411865,0.0,5.1
32.70624399185181,0.0,5.1
32.86343002319336,0.0,5.1
33.020638942718506,0.0,5.1
33.177788972854614,0.0,5.1
33.33509302139282,0.0,5.1
33.49231696128845,0.0,5.1
33.64952993392944,0.0,5.1
33.80672311782837,0.0,5.1
33.96411395072937,0.0,5.1
34.12153506278992,0.0,5.1
34.2788200378418,0.0,5.1
34.436283111572266,0.0,5.1
34.59354496002197,0.0,5.1
34.75080704689026,0.0,5.1
34.90802812576294,0.0,5.1
35.06525206565857,0.0,5.1
35.221373081207275,0.0,5.1
35.37876605987549,0.0,5.1
35.53652000427246,0.0,5.1
35.69377613067627,0.0,5.1
35.85093402862549,0.0,5.1
36.00830101966858,0.0,5.1
36.16547608375549,0.0,5.1
36.322766065597534,0.0,5.1
36.4799280166626,0.0,5.1
36.63713812828064,0.0,5.1
36.79440402984619,0.0,5.1
36.9518940448761,0.0,5.1
37.109391927719116,0.0,5.1
37.26665210723877,0.0,5.1
37.424092054367065,0.0,5.1
37.581352949142456,0.0,5.1
37.73849701881409,0.0,5.1
37.896003007888794,0.0,5.1
38.05323314666748,0.0,5.1
38.21058511734009,0.0,5.1
38.3678240776062,0.0,5.1
38.52535104751587,0.0,5.1
38.68247199058533,0.0,5.1
38.83980393409729,0.0,5.1
38.99685502052307,0.0,5.1
39.15398693084717,0.0,5.1
39.31172013282776,0.0,5.1
39.46875596046448,0.0,5.1
39.62592601776123,0.0,5.1
39.78358793258667,0.0,5.1
39.940794944763184,0.0,5.1
40.09796214103699,0.0,5.1
40.255171060562134,0.0,5.1
40.412415981292725,0.0,5.1
40.56968903541565,0.0,5.1
40.726869106292725,0.0,5.1
40.884040117263794,0.0,5.1
41.04087805747986,0.0,5.1
41.19801092147827,0.0,5.1
41.355215072631836,0.0,5.1
41.51261591911316,0.0,5.1
41.66981291770935,0.0,5.1
41.82698893547058,0.0,5.1
41.984363079071045,0.0,5.1
42.14259099960327,0.0,5.1
42.29994797706604,0.0,5.1
42.45699596405029,0.0,5.1
42.61452507972717,0.0,5.1
42.7719669342041,0.0,5.1
42.929301023483276,0.0,5.1
43.08673095703125,0.0,5.1
43.24398708343506,0.0,5.1
43.401201009750366,0.0,5.1
43.55843496322632,0.0,5.1
43.71561312675476,0.0,5.1
43.87335515022278,0.0,5.1
44.03061008453369,0.0,5.1
44.18778109550476,0.0,5.1
44.3451189994812,0.0,5.1
44.50237011909485,0.0,5.1
44.65978002548218,0.0,5.1
44.81700301170349,0.0,5.1
44.97431993484497,0.0,5.1
45.1317081451416,0.0,5.1
45.28895711898804,0.0,5.1
45.446223974227905,0.0,5.1
45.6033890247345,6.7,5.1
45.760602951049805,0.0,5.1
45.9178421497345,0.0,5.1
46.07502007484436,0.0,5.1
46.23226308822632,0.0,5.1
46.38954401016235,0.0,5.1
46.54675602912903,0.0,5.1
46.7039680480957,0.0,5.1
46.86130905151367,0.0,5.1
47.01859498023987,0.0,5.1
47.17586302757263,0.0,5.1
47.333508014678955,0.0,5.1
47.49079394340515,0.0,5.1
47.64815092086792,0.0,5.1
47.80539298057556,0.0,5.1
47.96269392967224,0.0,5.1
48.119688987731934,0.0,5.1
48.276899099349976,0.0,5.1
48.43422293663025,0.0,5.1
48.591498136520386,0.0,5.1
48.74873495101929,0.0,5.1
48.90595102310181,0.0,5.1
49.06351613998413,0.0,5.1
49.22065711021423,0.0,5.1
49.37814497947693,0.0,5.1
49.535316944122314,0.0,5.1
49.692732095718384,0.0,5.1
49.850011110305786,0.0,5.1
50.00750494003296,0.0,5.1
50.164721965789795,0.0,5.1
50.322011947631836,0.0,5.1
50.47899603843689,0.0,5.1
50.63632106781006,0.0,5.1
50.7935471534729,0.0,5.1
50.95078492164612,0.0,5.1
51.107969999313354,0.0,5.1
51.26518201828003,0.0,5.1
51.422425985336304,0.0,5.1
51.57985210418701,0.0,5.1
51.73711013793945,0.0,5.1
51.89431810379028,0.0,5.1
52.051713943481445,0.0,5.1
52.20897197723389,0.0,5.1
52.36640214920044,0.0,5.1
52.523860931396484,0.0,5.1
52.68113899230957,0.0,5.1
52.838407039642334,0.0,5.1
52.9958860874176,0.0,5.1
53.15307307243347,0.0,5.1
53.31045198440552,0.0,5.1
53.46761703491211,0.0,5.1
53.624748945236206,0.0,5.1
53.7822151184082,0.0,5.1
53.93962097167969,0.0,5.1
54.09680509567261,0.0,5.1
54.25392508506775,0.0,5.1
54.41139197349548,0.0,5.1
54.56879711151123,0.0,5.1
54.7260160446167,0.0,5.1
54.883098125457764,0.0,5.1
55.03995895385742,0.0,5.1
55.19713807106018,0.0,5.1
55.35443902015686,0.0,5.1
55.511672019958496,0.0,5.1
55.669429063797,0.0,5.1
55.82664704322815,0.0,5.1
55.98413896560669,0.0,5.1
56.141940116882324,0.0,5.1
56.29924297332764,0.0,5.1
56.456417083740234,0.0,5.1
56.61365103721619,0.0,5.1
56.77071213722229,0.0,5.1
56.927900075912476,0.0,5.1
57.085132122039795,0.0,5.1
57.24237108230591,0.0,5.1
57.39995193481445,0.0,5.1
57.557234048843384,0.0,5.1
57.7145459651947,0.0,5.1
57.87199807167053,0.0,5.1
58.02925992012024,0.0,5.1
58.186548948287964,0.0,5.1
58.34404993057251,0.0,5.1
58.501368045806885,0.0,5.1
58.65848398208618,0.0,5.1
58.81542205810547,0.0,5.1
58.97269296646118,0.0,5.1
59.12994313240051,0.0,5.1
59.28722810745239,0.0,5.1
59.444369077682495,0.0,5.1
59.601649045944214,0.0,5.1
59.75896215438843,0.0,5.1
59.91620111465454,0.0,5.1
60.07366609573364,0.0,5.1
60.23086500167847,0.0,5.1
60.3880820274353,0.0,5.1
60.545499086380005,0.0,5.1
60.70276594161987,0.0,5.1
60.859962940216064,0.0,5.1
61.01721215248108,0.0,5.1
61.174708127975464,0.0,5.1
61.33167004585266,0.0,5.1
61.4889121055603,0.0,5.1
61.64607501029968,0.0,5.1
61.80352997779846,0.0,5.1
61.96073913574219,0.0,5.1
62.1180260181427,0.0,5.1
62.275758028030396,0.0,5.1
62.43338108062744,0.0,5.1
62.59069609642029,0.0,5.1
62.74788999557495,0.0,5.1
62.90506196022034,0.0,5.1
63.062406063079834,0.0,5.1
63.21986508369446,0.0,5.1
63.37723207473755,0.0,5.1
63.534668922424316,0.0,5.1
63.69186305999756,0.0,5.1
63.84909200668335,0.0,5.1
64.00641012191772,0.0,5.1
64.16353702545166,0.0,5.1
64.32129907608032,0.0,5.1
64.47841691970825,0.0,5.1
64.63545799255371,0.0,5.1
64.7919249534607,0.0,5.1
64.94915294647217,0.0,5.1
65.10634398460388,0.0,5.1
65.26374506950378,0.0,5.1
65.42104005813599,0.0,5.1
65.57824897766113,0.0,5.1
65.735435962677,0.0,5.1
65.892746925354,0.0,5.1
66.05044794082642,0.0,5.1
66.20773100852966,0.0,5.1
66.3650209903717,0.0,5.1
66.52217197418213,0.0,5.1
66.6793839931488,0.0,5.1
66.83657193183899,0.0,5.1
66.99370908737183,0.0,5.1
67.15115714073181,0.0,5.1
67.30808806419373,0.0,5.1
67.46516108512878,0.0,5.1
67.62245798110962,0.0,5.1
67.7789671421051,0.0,5.1
67.93632698059082,0.0,5.1
68.09360313415527,0.0,5.1
68.25089311599731,0.0,5.1
68.40822196006775,0.0,5.1
68.56527400016785,0.0,5.1
68.72245812416077,0.0,5.1
68.88011813163757,0.0,5.1
69.0373260974884,0.0,5.1
69.19444704055786,0.0,5.1
69.35170793533325,0.0,5.1
69.50889897346497,0.0,5.1
69.66607308387756,0.0,5.1
69.82220196723938,0.0,5.1
69.97941994667053,0.0,5.1
70.13664412498474,0.0,5.1
70.29398798942566,0.0,5.1
70.45119500160217,0.0,5.1
70.6084189414978,0.0,5.1
70.7656409740448,0.0,5.1
70.92294406890869,0.0,5.1
71.08036303520203,0.0,5.1
71.23758006095886,0.0,5.1
71.3949179649353,0.0,5.1
71.55209803581238,0.0,5.1
71.70928311347961,0.0,5.1
71.86659097671509,0.0,5.1
72.02424097061157,0.0,5.1
72.1814489364624,0.0,5.1
72.33876514434814,0.0,5.1
72.49603509902954,0.0,5.1
72.65322995185852,0.0,5.1
72.81045198440552,0.0,5.1
72.96764802932739,0.0,5.1
73.12479710578918,0.0,5.1
73.28203892707825,0.0,5.1
73.43948793411255,0.0,5.1
73.5967071056366,0.0,5.1
73.75389814376831,0.0,5.1
73.9111340045929,0.0,5.1
74.06834411621094,0.0,5.1
74.22552108764648,0.0,5.1
74.38268709182739,0.0,5.1
74.53958797454834,0.0,5.1
74.69678401947021,0.0,5.1
74.85404014587402,0.0,5.1
75.01051998138428,0.0,5.1
75.16782999038696,0.0,5.1
75.3250720500946,0.0,5.1
75.48230409622192,0.0,5.1
75.6397111415863,0.0,5.1
75.79695701599121,0.0,5.1
75.95422506332397,0.0,5.1
76.11142611503601,0.0,5.1
76.26862907409668,0.0,5.1
76.42590403556824,0.0,5.1
76.58311700820923,0.0,5.1
76.74025511741638,0.0,5.1
76.89754509925842,0.0,5.1
77.05453300476074,0.0,5.1
77.2115581035614,0.0,5.1
77.36913394927979,0.0,5.1
77.52642297744751,0.0,5.1
77.68387007713318,0.0,5.1
77.84119510650635,0.0,5.1
77.99848008155823,0.0,5.1
78.15568208694458,0.0,5.1
78.31290602684021,0.0,5.1
78.47022104263306,0.0,5.1
78.62746715545654,0.0,5.1
78.7847490310669,0.0,5.1
78.94239211082458,0.0,5.1
79.09937715530396,0.0,5.1
79.25668096542358,0.0,5.1
79.41398406028748,0.0,5.1
79.5711829662323,0.0,5.1
79.7283821105957,0.0,5.1
79.8855950832367,0.0,5.1
80.04283905029297,0.0,5.1
80.2002420425415,0.0,5.1
80.35759592056274,0.0,5.1
80.51467895507812,0.0,5.1
80.67198991775513,0.0,5.1
80.82915496826172,0.0,5.1
80.98640704154968,0.0,5.1
81.1438570022583,0.0,5.1
81.30109214782715,0.0,5.1
81.4583420753479,0.0,5.1
81.61579895019531,0.0,5.1
81.77302813529968,0.0,5.1
81.93023705482483,0.0,5.1
82.08757901191711,0.0,5.1
82.24525904655457,0.0,5.1
82.40260601043701,0.0,5.1
82.56005501747131,0.0,5.1
82.71736311912537,0.0,5.1
82.87459802627563,0.0,5.1
83.03206896781921,0.0,5.1
83.1893630027771,0.0,5.1
83.3465039730072,0.0,5.1
83.50365114212036,0.0,5.1
83.66103601455688,0.0,5.1
83.81823801994324,0.0,5.1
83.97545599937439,0.0,5.1
84.13261294364929,0.0,5.1
84.28992700576782,0.0,5.1
84.44722604751587,0.0,5.1
84.60447311401367,0.0,5.1
84.7616560459137,0.0,5.1
84.91914796829224,0.0,5.1
85.07634401321411,0.0,5.1
85.23240208625793,0.0,5.1
85.38967108726501,0.0,5.1
85.54713106155396,0.0,5.1
85.7043571472168,0.0,5.1
85.86156010627747,0.0,5.1
86.01864194869995,0.0,5.1
86.17588114738464,0.0,5.1
86.33315396308899,0.0,5.1
86.49040508270264,0.0,5.1
86.64766192436218,0.0,5.1
86.80485606193542,0.0,5.1
86.96211504936218,0.0,5.1
87.11932611465454,0.0,5.1
87.27660894393921,0.0,5.1
87.43428301811218,0.0,5.1
87.59150815010071,0.0,5.1
87.7487280368805,0.0,5.1
87.90600395202637,0.0,5.1
88.06321501731873,0.0,5.1
88.22037315368652,0.0,5.1
88.37761902809143,0.0,5.1
88.53500413894653,0.0,5.1
88.6922390460968,0.0,5.1
88.84945392608643,0.0,5.1
89.00660800933838,0.0,5.1
89.16341710090637,0.0,5.1
89.32067799568176,0.0,5.1
89.47785711288452,0.0,5.1
89.6350769996643,0.0,5.1
89.79224896430969,0.0,5.1
89.94947004318237,0.0,5.1
90.10681200027466,0.0,5.1
90.26311993598938,0.0,5.1
90.42040991783142,0.0,5.1
90.57786893844604,0.0,5.1
90.73490405082703,0.0,5.1
90.8920841217041,0.0,5.1
91.04931807518005,0.0,5.1
91.20693111419678,0.0,5.1
91.36424493789673,0.0,5.1
91.52111601829529,0.0,5.1
91.67858815193176,0.0,5.1
91.83602213859558,0.0,5.1
91.99351596832275,0.0,5.1
92.15079712867737,0.0,5.1
92.30786609649658,0.0,5.1
92.4651460647583,0.0,5.1
92.62260794639587,0.0,5.1
92.7797999382019,0.0,5.1
92.93699312210083,0.0,5.1
93.09414792060852,0.0,5.1
93.25133800506592,0.0,5.1
93.40861392021179,0.0,5.1
93.56584906578064,0.0,5.1
93.72329497337341,0.0,5.1
93.88061714172363,0.0,5.1
94.03835105895996,0.0,5.1
94.19558095932007,0.0,5.1
94.35283398628235,0.0,5.1
94.51024794578552,0.0,5.1
94.66749811172485,0.0,5.1
94.8248450756073,0.0,5.1
94.9820671081543,0.0,5.1
95.13930797576904,0.0,5.1
95.29657697677612,0.0,5.1
95.45378804206848,0.0,5.1
95.61106300354004,0.0,5.1
95.76825714111328,0.0,5.1
95.92543601989746,0.0,5.1
96.08289003372192,0.0,5.1
96.24015808105469,0.0,5.1
96.39753413200378,0.0,5.1
96.5546281337738,0.0,5.1
96.71182703971863,0.0,5.1
96.86892509460449,0.0,5.1
97.02596807479858,0.0,5.1
97.18355107307434,0.0,5.1
97.34117603302002,0.0,5.1
97.49843907356262,0.0,5.1
97.65565514564514,0.0,5.1
97.81289410591125,0.0,5.1
97.97059798240662,0.0,5.1
98.12813305854797,0.0,5.1
98.28561806678772,0.0,5.1
98.44286894798279,0.0,5.1
98.60003995895386,0.0,5.1
98.75745797157288,0.0,5.1
98.91456913948059,0.0,5.1
99.07171893119812,0.0,5.1
99.22894310951233,0.0,5.1
99.3862099647522,0.0,5.1
99.54358100891113,0.0,5.1
99.70082092285156,0.0,5.1
99.85790014266968,0.0,5.1
100.01510715484619,0.0,5.1
100.17229509353638,0.0,5.1
100.32954502105713,0.0,5.1
100.48690915107727,0.0,5.1
100.64430499076843,0.0,5.1
100.80152297019958,0.0,5.1
100.95867609977722,0.0,5.1
101.1160409450531,0.0,5.1
101.27326011657715,0.0,5.1
101.43059802055359,0.0,5.1
101.5878050327301,0.0,5.1
101.74505305290222,0.0,5.1
101.90233302116394,0.0,5.1
102.0599000453949,0.0,5.1
102.21758604049683,0.0,5.1
102.37468194961548,0.0,5.1
102.53211808204651,0.0,5.1
102.6893630027771,0.0,5.1
102.84666013717651,0.0,5.1
103.00421214103699,0.0,5.1
103.16146993637085,0.0,5.1
103.3187620639801,0.0,5.1
103.47598910331726,0.0,5.1
103.63315415382385,0.0,5.1
103.790363073349,0.0,5.1
103.94779109954834,0.0,5.1
104.10502409934998,0.0,5.1
104.26157307624817,0.0,5.1
104.41905498504639,0.0,5.1
104.57628798484802,0.0,5.1
104.73354697227478,0.0,5.1
104.89103102684021,0.0,5.1
105.04830503463745,0.0,5.1
105.20566296577454,0.0,5.1
105.36314606666565,6.7,5.1
105.52037811279297,0.0,5.1
105.67763495445251,0.0,5.1
105.8349061012268,0.0,5.1
105.99206209182739,0.0,5.1
106.14933013916016,0.0,5.1
106.30648112297058,0.0,5.1
106.46367311477661,0.0,5.1
106.62112498283386,0.0,5.1
106.77843999862671,0.0,5.1
106.93575096130371,0.0,5.1
107.09292793273926,0.0,5.1
107.25014400482178,0.0,5.1
107.40741896629333,0.0,5.1
107.5646710395813,0.0,5.1
107.72192907333374,0.0,5.1
107.87910199165344,0.0,5.1
108.03653001785278,0.0,5.1
108.19370794296265,0.0,5.1
108.35117197036743,0.0,5.1
108.50841903686523,0.0,5.1
108.66563892364502,0.0,5.1
108.82765293121338,0.0,5.1
108.98466992378235,0.0,5.1
109.14187097549438,0.0,5.1
109.2991681098938,0.0,5.1
109.45639300346375,0.0,5.1
109.6136360168457,0.0,5.1
109.77089715003967,0.0,5.1
109.92807412147522,0.0,5.1
110.08534693717957,0.0,5.1
110.24243998527527,0.0,5.1
110.39989304542542,0.0,5.1
110.55711913108826,0.0,5.1
110.71437191963196,0.0,5.1
110.87162113189697,0.0,5.1
111.0280659198761,0.0,5.1
111.1852080821991,0.0,5.1
111.34261107444763,0.0,5.1
111.49997401237488,0.0,5.1
111.6571991443634,0.0,5.1
111.81467008590698,0.0,5.1
111.9718451499939,0.0,5.1
112.12932801246643,0.0,5.1
112.28688311576843,0.0,5.1
112.44414591789246,0.0,5.1
112.6013879776001,0.0,5.1
112.75864315032959,0.0,5.1
112.91582798957825,0.0,5.1
113.07308006286621,0.0,5.1
113.23017001152039,0.0,5.1
113.38737201690674,0.0,5.1
113.5445830821991,0.0,5.1
113.70180797576904,0.0,5.1
113.85895895957947,0.0,5.1
114.0161521434784,0.0,5.1
114.17335414886475,0.0,5.1
114.33052802085876,0.0,5.1
114.48797798156738,0.0,5.1
114.6450879573822,0.0,5.1
114.80225014686584,0.0,5.1
114.95948314666748,0.0,5.1
115.11666107177734,0.0,5.1
115.27380514144897,0.0,5.1
115.43108892440796,0.0,5.1
115.58853602409363,0.0,5.1
115.74578714370728,0.0,5.1
115.90317010879517,0.0,5.1
116.06035804748535,0.0,5.1
116.21750998497009,0.0,5.1
116.37494492530823,6.7,5.1
116.53217506408691,0.0,5.1
116.6893961429596,0.0,5.1
116.84660506248474,0.0,5.1
117.00406908988953,0.0,5.1
117.16164493560791,0.0,5.1
117.31909203529358,0.0,5.1
117.47634792327881,0.0,5.1
117.6335301399231,0.0,5.1
117.79073810577393,0.0,5.1
117.94788908958435,0.0,5.1
118.10530400276184,0.0,5.1
118.26237607002258,0.0,5.1
118.41980314254761,0.0,5.1
118.5770480632782,0.0,5.1
118.73425602912903,0.0,5.1
118.89146113395691,0.0,5.1
119.04860711097717,0.0,5.1
119.20578694343567,0.0,5.1
119.36305713653564,0.0,5.1
119.51967906951904,0.0,5.1
119.67676997184753,0.0,5.1
119.83397197723389,0.0,5.1
119.99097394943237,0.0,5.1
120.14817905426025,0.0,5.1
120.30584907531738,0.0,5.1
120.4633629322052,0.0,5.1
120.62059211730957,0.0,5.1
120.77814412117004,0.0,5.1
120.93486499786377,0.0,5.1
121.09260892868042,0.0,5.1
121.2497501373291,0.0,5.1
121.40720701217651,0.0,5.1
121.56463193893433,0.0,5.1
121.72194314002991,0.0,5.1
121.87917804718018,0.0,5.1
122.03570413589478,0.0,5.1
122.19353699684143,0.0,5.1
122.35098004341125,0.0,5.1
122.50827097892761,0.0,5.1
122.66545510292053,0.0,5.1
122.8226490020752,0.0,5.1
122.98004293441772,0.0,5.1
123.13728308677673,0.0,5.1
123.2944929599762,0.0,5.1
123.45146203041077,0.0,5.1
123.60874009132385,0.0,5.1
123.76598596572876,0.0,5.1
123.92317700386047,0.0,5.1
124.0804090499878,0.0,5.1
124.23765802383423,0.0,5.1
124.39494705200195,0.0,5.1
124.55195212364197,0.0,5.1
124.70916795730591,0.0,5.1
124.86643600463867,0.0,5.1
125.02355909347534,0.0,5.1
125.1807050704956,0.0,5.1
125.33814001083374,0.0,5.1
125.49519515037537,0.0,5.1
125.65234804153442,0.0,5.1
125.80941796302795,0.0,5.1
125.96660208702087,0.0,5.1
126.1240770816803,0.0,5.1
126.28135800361633,0.0,5.1
126.43873500823975,0.0,5.1
126.59619092941284,0.0,5.1
126.753427028656,0.0,5.1
126.9106330871582,0.0,5.1
127.06801700592041,0.0,5.1
127.22538495063782,0.0,5.1
127.38310694694519,0.0,5.1
127.5403950214386,0.0,5.1
127.6975769996643,0.0,5.1
127.85501408576965,0.0,5.1
128.01207208633423,0.0,5.1
128.1693480014801,0.0,5.1
128.32662200927734,0.0,5.1
128.4841480255127,0.0,5.1
128.64142298698425,0.0,5.1
128.7986559867859,0.0,5.1
128.9558720588684,0.0,5.1
129.11302495002747,0.0,5.1
129.270161151886,0.0,5.1
129.42751812934875,0.0,5.1
129.5845170021057,0.0,5.1
129.74247813224792,0.0,5.1
129.8995931148529,0.0,5.1
130.05637192726135,0.0,5.1
130.2138590812683,0.0,5.1
130.37067914009094,0.0,5.1
130.52809309959412,0.0,5.1
130.6865589618683,0.0,5.1
130.84399795532227,0.0,5.1
131.00117111206055,0.0,5.1
131.159029006958,0.0,5.1
131.31625199317932,0.0,5.1
131.47361707687378,0.0,5.1
131.631530046463,0.0,5.1
131.78740406036377,0.0,5.1
131.94423508644104,0.0,5.1
132.09982895851135,0.0,5.1
132.2564880847931,0.0,5.1
132.41246700286865,0.0,5.1
132.56942892074585,0.0,5.1
132.72886395454407,0.0,5.1
132.8877191543579,0.0,5.1
133.0441539287567,0.0,5.1
133.20044207572937,0.0,5.1
133.3576159477234,0.0,5.1
133.51618099212646,0.0,5.1
133.67407608032227,0.0,5.1
133.83154606819153,0.0,5.1
133.9886109828949,0.0,5.1
134.14502692222595,6.7,5.1
134.30243802070618,0.0,5.1
134.46010208129883,0.0,5.1
134.617103099823,0.0,5.1
134.77441000938416,0.0,5.1
134.9319040775299,0.0,5.1
135.08958911895752,0.0,5.1
135.24725914001465,0.0,5.1
135.40413808822632,0.0,5.1
135.56193900108337,0.0,5.1
135.7195179462433,0.0,5.1
135.87694811820984,0.0,5.1
136.03453493118286,0.0,5.1
136.1918830871582,0.0,5.1
136.34955501556396,0.0,5.1
136.5070550441742,0.0,5.1
136.66455006599426,0.0,5.1
136.821604013443,0.0,5.1
136.97898197174072,0.0,5.1
137.13572096824646,0.0,5.1
137.29337811470032,0.0,5.1
137.45109605789185,0.0,5.1
137.60862112045288,0.0,5.1
137.76610803604126,0.0,5.1
137.92461800575256,0.0,5.1
138.08192205429077,0.0,5.1
138.23941802978516,0.0,5.1
138.3970241546631,0.0,5.1
138.55452013015747,0.0,5.1
138.7121090888977,0.0,5.1
138.86956214904785,0.0,5.1
139.02693104743958,0.0,5.1
139.18467497825623,0.0,5.1
139.34234809875488,0.0,5.1
139.50001096725464,0.0,5.1
139.65761613845825,0.0,5.1
139.81467008590698,0.0,5.1
139.97221493721008,0.0,5.1
140.129958152771,0.0,5.1
140.2874720096588,0.0,5.1
140.4450979232788,0.0,5.1
140.6026530265808,0.0,5.1
140.75983095169067,0.0,5.1
140.91697311401367,0.0,5.1
141.07445001602173,0.0,5.1
141.2317349910736,0.0,5.1
141.38937902450562,0.0,5.1
141.5471589565277,0.0,5.1
141.7049810886383,0.0,5.1
141.86260294914246,0.0,5.1
142.01924204826355,0.0,5.1
142.17697405815125,0.0,5.1
142.3343801498413,0.0,5.1
142.49188995361328,0.0,5.1
142.64943099021912,0.0,5.1
142.8067181110382,0.0,5.1
142.96392607688904,0.0,5.1
143.1214370727539,0.0,5.1
143.27890706062317,0.0,5.1
143.43637013435364,0.0,5.1
143.5939121246338,0.0,5.1
143.75146007537842,0.0,5.1
143.90959310531616,0.0,5.1
144.06736612319946,0.0,5.1
144.2248020172119,0.0,5.1
144.38235306739807,0.0,5.1
144.5403230190277,0.0,5.1
144.6978189945221,0.0,5.1
144.85442900657654,0.0,5.1
145.0107901096344,0.0,5.1
145.1682231426239,0.0,5.1
145.32580399513245,0.0,5.1
145.48326706886292,0.0,5.1
145.64065194129944,0.0,5.1
145.79845714569092,0.0,5.1
145.95583510398865,0.0,5.1
146.1133599281311,0.0,5.1
146.270672082901,0.0,5.1
146.42819499969482,0.0,5.1
146.5855839252472,0.0,5.1
146.742201089859,0.0,5.1
146.89996099472046,0.0,5.1
147.05744409561157,0.0,5.1
147.21557593345642,0.0,5.1
147.3731451034546,0.0,5.1
147.53070211410522,0.0,5.1
147.68829798698425,0.0,5.1
147.84595203399658,0.0,5.1
148.00380301475525,0.0,5.1
148.1614420413971,0.0,5.1
148.31905007362366,0.0,5.1
148.4765350818634,0.0,5.1
148.63372111320496,0.0,5.1
148.79150009155273,0.0,5.1
148.94907307624817,0.0,5.1
149.10666799545288,0.0,5.1
149.26421308517456,0.0,5.1
149.42173600196838,0.0,5.1
149.57904314994812,0.0,5.1
149.73666501045227,0.0,5.1
149.894278049469,0.0,5.1
150.05144596099854,0.0,5.1
150.20901203155518,0.0,5.1
150.3664140701294,0.0,5.1
150.5231900215149,0.0,5.1
150.6808741092682,0.0,5.1
150.83842706680298,0.0,5.1
150.99632906913757,0.0,5.1
151.15401792526245,0.0,5.1
151.31159901618958,6.7,5.1
151.46917605400085,0.0,5.1
151.62672209739685,0.0,5.1
151.7840120792389,0.0,5.1
151.9413080215454,0.0,5.1
152.09838008880615,0.0,5.1
152.25527596473694,0.0,5.1
152.41268301010132,0.0,5.1
152.56995010375977,0.0,5.1
152.72718811035156,6.7,5.1
152.88441109657288,0.0,5.1
153.0416100025177,0.0,5.1
153.1986439228058,0.0,5.1
153.3559229373932,0.0,5.1
153.5130181312561,0.0,5.1
153.67029213905334,0.0,5.1
153.8277280330658,0.0,5.1
153.98493099212646,0.0,5.1
154.14219212532043,0.0,5.1
154.29944014549255,0.0,5.1
154.45659399032593,0.0,5.1
154.61404395103455,0.0,5.1
154.7710509300232,0.0,5.1
154.92839097976685,0.0,5.1
155.0856170654297,0.0,5.1
155.2430019378662,13.3,5.1
