epoch,CPU,RAM
0.0,0.0,5.7
0.1571500301361084,0.0,5.7
0.3142659664154053,0.0,5.7
0.4716150760650635,0.0,5.7
0.6286489963531494,0.0,5.7
0.7857301235198975,0.0,5.7
0.9415690898895264,0.0,5.7
1.0987341403961182,0.0,5.7
1.2558181285858154,0.0,5.7
1.4130480289459229,0.0,5.7
1.570167064666748,0.0,5.7
1.7272419929504395,0.0,5.7
1.8837289810180664,0.0,5.7
2.0406241416931152,0.0,5.7
2.197611093521118,0.0,5.7
2.3547799587249756,0.0,5.7
2.511894941329956,0.0,5.7
2.6689491271972656,0.0,5.7
2.8262081146240234,18.8,5.7
2.983304977416992,0.0,5.7
3.1399359703063965,0.0,5.7
3.2968010902404785,0.0,5.7
3.4538300037384033,0.0,5.7
3.6104791164398193,0.0,5.7
3.767611026763916,0.0,5.7
3.923919916152954,0.0,5.7
4.081150054931641,0.0,5.7
4.237339973449707,0.0,5.7
4.3940269947052,0.0,5.7
4.550753116607666,0.0,5.7
4.716717004776001,0.0,5.7
4.873457908630371,0.0,5.7
5.029675006866455,0.0,5.7
5.1856091022491455,0.0,5.7
5.342498064041138,0.0,5.7
5.499891042709351,0.0,5.7
5.656569004058838,0.0,5.7
5.812475919723511,0.0,5.7
5.969257116317749,0.0,5.7
6.124783039093018,0.0,5.7
6.2819390296936035,0.0,5.7
6.440226078033447,0.0,5.7
6.597017049789429,0.0,5.7
6.753992080688477,0.0,5.7
6.910583019256592,0.0,5.7
7.067409992218018,0.0,5.7
7.224913120269775,0.0,5.7
7.382158994674683,0.0,5.7
7.53928804397583,0.0,5.7
7.696345090866089,0.0,5.7
7.853394031524658,0.0,5.7
8.010555982589722,0.0,5.7
8.16780710220337,0.0,5.7
8.324897050857544,0.0,5.7
8.481976985931396,0.0,5.7
8.6390860080719,0.0,5.7
8.796190977096558,0.0,5.7
8.953190088272095,0.0,5.7
9.109719038009644,0.0,5.7
9.266716003417969,0.0,5.7
9.423811912536621,0.0,5.7
9.580590963363647,0.0,5.7
9.737713098526001,0.0,5.7
9.894777059555054,0.0,5.7
10.051631927490234,0.0,5.7
10.208893060684204,0.0,5.7
10.365962982177734,0.0,5.7
10.523133039474487,0.0,5.7
10.68035101890564,0.0,5.7
10.837587118148804,0.0,5.7
10.994683980941772,0.0,5.7
11.151762962341309,0.0,5.7
11.308965921401978,0.0,5.7
11.466110944747925,0.0,5.7
11.623193979263306,0.0,5.7
11.780404090881348,0.0,5.7
11.93788194656372,0.0,5.7
12.094958066940308,0.0,5.7
12.251982927322388,0.0,5.7
12.409022092819214,0.0,5.7
12.5661039352417,0.0,5.7
12.723225116729736,0.0,5.7
12.88037896156311,0.0,5.7
13.037601947784424,0.0,5.7
13.194661140441895,0.0,5.7
13.351776123046875,0.0,5.7
13.50904893875122,0.0,5.7
13.666141033172607,0.0,5.7
13.823208093643188,0.0,5.7
13.980288028717041,0.0,5.7
14.136979103088379,0.0,5.7
14.294064044952393,0.0,5.7
14.4513099193573,0.0,5.7
14.608389139175415,0.0,5.7
14.765415906906128,0.0,5.7
14.92267107963562,0.0,5.7
15.079818964004517,0.0,5.7
15.237013101577759,0.0,5.7
15.394052028656006,0.0,5.7
15.551214933395386,0.0,5.7
15.708274126052856,0.0,5.7
15.865440130233765,0.0,5.7
16.022515058517456,0.0,5.7
16.17955207824707,0.0,5.7
16.336740016937256,0.0,5.7
16.493667125701904,0.0,5.7
16.650389909744263,0.0,5.7
16.80738592147827,0.0,5.7
16.96459197998047,0.0,5.7
17.12210202217102,0.0,5.7
17.278597116470337,0.0,5.7
17.43621802330017,0.0,5.7
17.593426942825317,0.0,5.7
17.75055193901062,0.0,5.7
17.90774393081665,0.0,5.7
18.064990043640137,0.0,5.7
18.22206211090088,0.0,5.7
18.379096031188965,0.0,5.7
18.536153078079224,0.0,5.7
18.693267107009888,0.0,5.7
18.850520133972168,0.0,5.7
19.007856130599976,0.0,5.7
19.165097951889038,0.0,5.7
19.322190046310425,0.0,5.7
19.479279041290283,0.0,5.7
19.63630199432373,0.0,5.7
19.79333209991455,0.0,5.7
19.950387001037598,0.0,5.7
20.107537984848022,0.0,5.7
20.264743089675903,0.0,5.7
20.421767950057983,0.0,5.7
20.577717065811157,0.0,5.7
20.733678102493286,0.0,5.7
20.89075994491577,0.0,5.7
21.047752141952515,0.0,5.7
21.20492696762085,0.0,5.7
21.362152099609375,0.0,5.7
21.519248962402344,0.0,5.7
21.676521062850952,0.0,5.7
21.834017038345337,0.0,5.7
21.9911150932312,0.0,5.7
22.148179054260254,0.0,5.7
22.305220127105713,0.0,5.7
22.46246314048767,0.0,5.7
22.619553089141846,0.0,5.7
22.77674102783203,0.0,5.7
22.93379306793213,0.0,5.7
23.09091591835022,0.0,5.7
23.247939109802246,0.0,5.7
23.405177116394043,0.0,5.7
23.562433004379272,0.0,5.7
23.719542026519775,0.0,5.7
23.876797914505005,0.0,5.7
24.03384494781494,0.0,5.7
24.19090509414673,0.0,5.7
24.34793710708618,0.0,5.7
24.504990100860596,0.0,5.7
24.66202402114868,0.0,5.7
24.819159030914307,0.0,5.7
24.976304054260254,0.0,5.7
25.133326053619385,0.0,5.7
25.290377140045166,0.0,5.7
25.44769811630249,0.0,5.7
25.604494094848633,0.0,5.7
25.761613130569458,0.0,5.7
25.91876196861267,0.0,5.7
26.07583212852478,0.0,5.7
26.233150005340576,0.0,5.7
26.39028310775757,0.0,5.7
26.547560930252075,0.0,5.7
26.70449709892273,0.0,5.7
26.862049102783203,0.0,5.7
27.019011974334717,0.0,5.7
27.175718069076538,0.0,5.7
27.332365036010742,0.0,5.7
27.4894061088562,0.0,5.7
27.646421909332275,0.0,5.7
27.80350399017334,0.0,5.7
27.960603952407837,0.0,5.7
28.11766791343689,0.0,5.7
28.274718046188354,0.0,5.7
28.43183207511902,0.0,5.7
28.58907413482666,0.0,5.7
28.74609899520874,0.0,5.7
28.903155088424683,0.0,5.7
29.060390949249268,0.0,5.7
29.21787405014038,0.0,5.7
29.374918937683105,0.0,5.7
29.53201413154602,0.0,5.7
29.689095973968506,0.0,5.7
29.846200942993164,0.0,5.7
30.003385066986084,0.0,5.7
30.160356998443604,0.0,5.7
30.317413091659546,0.0,5.7
30.474491119384766,0.0,5.7
30.63181495666504,0.0,5.7
30.788546085357666,0.0,5.7
30.94557499885559,0.0,5.7
31.102849006652832,0.0,5.7
31.26011896133423,0.0,5.7
31.417268991470337,0.0,5.7
31.574218034744263,0.0,5.7
31.73130202293396,0.0,5.7
31.888888120651245,0.0,5.7
32.045969009399414,0.0,5.7
32.20345401763916,0.0,5.7
32.360520124435425,0.0,5.7
32.51761507987976,0.0,5.7
32.67467904090881,0.0,5.7
32.83182191848755,0.0,5.7
32.98911213874817,0.0,5.7
33.146450996398926,0.0,5.7
33.30347990989685,0.0,5.7
33.46066498756409,0.0,5.7
33.6177339553833,0.0,5.7
33.774598121643066,0.0,5.7
33.93178701400757,0.0,5.7
34.08902096748352,0.0,5.7
34.24629306793213,0.0,5.7
34.40340805053711,0.0,5.7
34.56053400039673,0.0,5.7
34.71757411956787,0.0,5.7
34.87480592727661,0.0,5.7
35.03177809715271,0.0,5.7
35.189022064208984,0.0,5.7
35.345736026763916,0.0,5.7
35.50281000137329,0.0,5.7
35.66042613983154,0.0,5.7
35.817161083221436,0.0,5.7
35.97415113449097,0.0,5.7
36.131356954574585,0.0,5.7
36.288432121276855,0.0,5.7
36.44551491737366,0.0,5.7
36.60263109207153,0.0,5.7
36.759644985198975,6.7,5.7
36.91691994667053,0.0,5.7
37.074012994766235,0.0,5.7
37.23108792304993,0.0,5.7
37.38811492919922,0.0,5.7
37.545182943344116,0.0,5.7
37.7020480632782,0.0,5.7
37.85896611213684,0.0,5.7
38.01644706726074,0.0,5.7
38.17347598075867,0.0,5.7
38.3305299282074,0.0,5.7
38.48764204978943,0.0,5.7
38.6445209980011,0.0,5.7
38.80178499221802,0.0,5.7
38.95890402793884,0.0,5.7
39.11597514152527,0.0,5.7
39.272961139678955,0.0,5.7
39.4299750328064,0.0,5.7
39.58702898025513,0.0,5.7
39.74407601356506,0.0,5.7
39.90081000328064,0.0,5.7
40.05787897109985,0.0,5.7
40.21462392807007,0.0,5.7
40.37183594703674,0.0,5.7
40.52916693687439,0.0,5.7
40.68622899055481,0.0,5.7
40.843127965927124,0.0,5.7
41.00043606758118,0.0,5.7
41.15640211105347,0.0,5.7
41.31346797943115,0.0,5.7
41.47068500518799,0.0,5.7
41.627716064453125,0.0,5.7
41.784761905670166,0.0,5.7
41.94186806678772,0.0,5.7
42.099159955978394,0.0,5.7
42.256304025650024,0.0,5.7
42.41334104537964,0.0,5.7
42.57054805755615,0.0,5.7
42.72766900062561,0.0,5.7
42.88475513458252,0.0,5.7
43.04192900657654,0.0,5.7
43.19877791404724,0.0,5.7
43.356159925460815,0.0,5.7
43.51338505744934,0.0,5.7
43.67047190666199,0.0,5.7
43.82748103141785,0.0,5.7
43.984508991241455,0.0,5.7
44.14201307296753,0.0,5.7
44.299073934555054,0.0,5.7
44.45597696304321,0.0,5.7
44.61302995681763,0.0,5.7
44.77008008956909,0.0,5.7
44.927273988723755,0.0,5.7
45.084383964538574,0.0,5.7
45.24120497703552,0.0,5.7
45.3982310295105,0.0,5.7
45.55537509918213,0.0,5.7
45.71240711212158,0.0,5.7
45.869492053985596,0.0,5.7
46.02654504776001,0.0,5.7
46.18339490890503,0.0,5.7
46.34029793739319,0.0,5.7
46.497787952423096,0.0,5.7
46.65497612953186,0.0,5.7
46.812073945999146,0.0,5.7
46.96918201446533,0.0,5.7
47.12626600265503,0.0,5.7
47.28324508666992,0.0,5.7
47.440202951431274,0.0,5.7
47.59723711013794,0.0,5.7
47.754302978515625,0.0,5.7
47.911360025405884,0.0,5.7
48.06838297843933,0.0,5.7
48.22534394264221,0.0,5.7
48.38223195075989,0.0,5.7
48.539381980895996,0.0,5.7
48.69637393951416,0.0,5.7
48.85340404510498,0.0,5.7
49.010462045669556,0.0,5.7
49.16746711730957,0.0,5.7
49.32462406158447,0.0,5.7
49.4818229675293,0.0,5.7
49.6390380859375,0.0,5.7
49.796159982681274,0.0,5.7
49.95339393615723,0.0,5.7
50.11051392555237,0.0,5.7
50.26761198043823,0.0,5.7
50.42485213279724,0.0,5.7
50.58208203315735,0.0,5.7
50.73940300941467,0.0,5.7
50.896512031555176,0.0,5.7
51.053553104400635,0.0,5.7
51.210556983947754,0.0,5.7
51.36758804321289,0.0,5.7
51.52479004859924,0.0,5.7
51.68184208869934,0.0,5.7
51.838911056518555,0.0,5.7
51.996092081069946,0.0,5.7
52.15333890914917,0.0,5.7
52.31047296524048,0.0,5.7
52.46758508682251,0.0,5.7
52.62478303909302,0.0,5.7
52.78188490867615,0.0,5.7
52.93898797035217,0.0,5.7
53.09593391418457,0.0,5.7
53.253334045410156,0.0,5.7
53.41023397445679,0.0,5.7
53.56734299659729,0.0,5.7
53.724196910858154,0.0,5.7
53.881524085998535,0.0,5.7
54.03864312171936,0.0,5.7
54.19568395614624,0.0,5.7
54.352694034576416,0.0,5.7
54.50976800918579,0.0,5.7
54.66673302650452,0.0,5.7
54.8239529132843,0.0,5.7
54.98098301887512,0.0,5.7
55.13811492919922,0.0,5.7
55.2951500415802,0.0,5.7
55.45227599143982,0.0,5.7
55.609307050704956,0.0,5.7
55.76575803756714,0.0,5.7
55.923134088516235,0.0,5.7
56.080156087875366,0.0,5.7
56.23722791671753,0.0,5.7
56.394294023513794,0.0,5.7
56.551429986953735,0.0,5.7
56.708455085754395,0.0,5.7
56.8654990196228,0.0,5.7
57.02253603935242,0.0,5.7
57.179625034332275,0.0,5.7
57.336682081222534,0.0,5.7
57.49368906021118,0.0,5.7
57.65064811706543,0.0,5.7
57.80768299102783,0.0,5.7
57.964762926101685,0.0,5.7
58.121817111968994,0.0,5.7
58.278834104537964,0.0,5.7
58.435917139053345,0.0,5.7
58.59293603897095,0.0,5.7
58.74995398521423,0.0,5.7
58.907058000564575,0.0,5.7
59.063684940338135,0.0,5.7
59.220542907714844,0.0,5.7
59.37762904167175,0.0,5.7
59.53476405143738,0.0,5.7
59.69181799888611,0.0,5.7
59.84902310371399,0.0,5.7
60.0062689781189,6.7,5.7
60.16348099708557,0.0,5.7
60.32052993774414,0.0,5.7
60.47763395309448,0.0,5.7
60.63493990898132,0.0,5.7
60.79196500778198,0.0,5.7
60.9490909576416,0.0,5.7
61.106163024902344,0.0,5.7
61.263176918029785,0.0,5.7
61.420233964920044,0.0,5.7
61.57726192474365,0.0,5.7
61.73444199562073,0.0,5.7
61.89198613166809,0.0,5.7
62.04916310310364,0.0,5.7
62.206356048583984,0.0,5.7
62.36336803436279,0.0,5.7
62.5204439163208,0.0,5.7
62.677671909332275,0.0,5.7
62.8348069190979,0.0,5.7
62.991888999938965,0.0,5.7
63.14925813674927,0.0,5.7
63.30679512023926,0.0,5.7
63.46414804458618,0.0,5.7
63.62124705314636,0.0,5.7
63.77825403213501,0.0,5.7
63.93525004386902,0.0,5.7
64.09245014190674,0.0,5.7
64.24954104423523,0.0,5.7
64.4066231250763,0.0,5.7
64.56364393234253,0.0,5.7
64.72086310386658,0.0,5.7
64.87799096107483,0.0,5.7
65.03513193130493,0.0,5.7
65.19200992584229,0.0,5.7
65.34902691841125,0.0,5.7
65.50625395774841,0.0,5.7
65.66336297988892,0.0,5.7
65.82044911384583,0.0,5.7
65.97745990753174,0.0,5.7
66.13450002670288,0.0,5.7
66.2914810180664,0.0,5.7
66.44859409332275,0.0,5.7
66.60565495491028,0.0,5.7
66.76269102096558,0.0,5.7
66.91979098320007,0.0,5.7
67.07680106163025,0.0,5.7
67.23389196395874,0.0,5.7
67.39090204238892,0.0,5.7
67.54787111282349,0.0,5.7
67.70489692687988,0.0,5.7
67.86215209960938,0.0,5.7
68.01936411857605,0.0,5.7
68.17641997337341,0.0,5.7
68.33351492881775,0.0,5.7
68.49065804481506,0.0,5.7
68.64763808250427,0.0,5.7
68.80487012863159,0.0,5.7
68.9620509147644,0.0,5.7
69.11910104751587,0.0,5.7
69.27614307403564,0.0,5.7
69.43325805664062,0.0,5.7
69.59030890464783,0.0,5.7
69.74738597869873,0.0,5.7
69.90449404716492,0.0,5.7
70.06185913085938,0.0,5.7
70.2191801071167,0.0,5.7
70.37633395195007,0.0,5.7
70.53369903564453,0.0,5.7
70.69082593917847,0.0,5.7
70.84789109230042,0.0,5.7
71.00496101379395,0.0,5.7
71.16203904151917,0.0,5.7
71.31900405883789,0.0,5.7
71.47591805458069,0.0,5.7
71.63291811943054,0.0,5.7
71.78998398780823,0.0,5.7
71.94702100753784,0.0,5.7
72.1040530204773,0.0,5.7
72.26101207733154,0.0,5.7
72.41808700561523,0.0,5.7
72.57520008087158,0.0,5.7
72.73228597640991,0.0,5.7
72.8894910812378,0.0,5.7
73.04701590538025,0.0,5.7
73.20413398742676,0.0,5.7
73.36118197441101,0.0,5.7
73.51825094223022,0.0,5.7
73.67529106140137,0.0,5.7
73.83233308792114,0.0,5.7
73.98939108848572,0.0,5.7
74.14644813537598,0.0,5.7
74.30357003211975,0.0,5.7
74.46077990531921,0.0,5.7
74.61795997619629,0.0,5.7
74.77511405944824,0.0,5.7
74.93232798576355,0.0,5.7
75.0894980430603,0.0,5.7
75.24655890464783,0.0,5.7
75.40359091758728,0.0,5.7
75.56066107749939,0.0,5.7
75.71772003173828,0.0,5.7
75.87474298477173,0.0,5.7
76.0317919254303,0.0,5.7
76.18877696990967,0.0,5.7
76.34582996368408,0.0,5.7
76.50292491912842,0.0,5.7
76.65998005867004,0.0,5.7
76.81715893745422,0.0,5.7
76.97425699234009,0.0,5.7
77.13130903244019,0.0,5.7
77.28808498382568,0.0,5.7
77.44447493553162,0.0,5.7
77.60147500038147,0.0,5.7
77.75852108001709,0.0,5.7
77.91554403305054,0.0,5.7
78.07267808914185,0.0,5.7
78.2297101020813,0.0,5.7
78.38697099685669,0.0,5.7
78.54412913322449,0.0,5.7
78.70114302635193,0.0,5.7
78.8581280708313,0.0,5.7
79.01510000228882,0.0,5.7
79.1723051071167,0.0,5.7
79.32936596870422,0.0,5.7
79.48645901679993,0.0,5.7
79.64361310005188,0.0,5.7
79.80068898200989,0.0,5.7
79.95769906044006,0.0,5.7
80.11475205421448,0.0,5.7
80.27195310592651,0.0,5.7
80.4292380809784,0.0,5.7
80.58658790588379,0.0,5.7
80.74363803863525,0.0,5.7
80.90092992782593,0.0,5.7
81.05694603919983,0.0,5.7
81.21440410614014,0.0,5.7
81.37146496772766,0.0,5.7
81.52830505371094,0.0,5.7
81.68538808822632,0.0,5.7
81.84242510795593,0.0,5.7
81.99947500228882,0.0,5.7
82.15645503997803,0.0,5.7
82.31349110603333,0.0,5.7
82.47068095207214,0.0,5.7
82.62817811965942,0.0,5.7
82.78519701957703,0.0,5.7
82.94246101379395,0.0,5.7
83.09949111938477,0.0,5.7
83.25622200965881,0.0,5.7
83.41333603858948,0.0,5.7
83.57045102119446,0.0,5.7
83.72761511802673,0.0,5.7
83.88483905792236,0.0,5.7
84.04211211204529,0.0,5.7
84.19921493530273,0.0,5.7
84.35630106925964,0.0,5.7
84.51338696479797,0.0,5.7
84.67042803764343,0.0,5.7
84.82733106613159,0.0,5.7
84.98338103294373,0.0,5.7
85.14022302627563,0.0,5.7
85.29721903800964,0.0,5.7
85.45427799224854,0.0,5.7
85.61127495765686,0.0,5.7
85.7683470249176,0.0,5.7
85.92567992210388,0.0,5.7
86.08295392990112,0.0,5.7
86.2401111125946,0.0,5.7
86.39715313911438,0.0,5.7
86.55426406860352,0.0,5.7
86.7112181186676,0.0,5.7
86.86829710006714,0.0,5.7
87.02531504631042,0.0,5.7
87.18235898017883,0.0,5.7
87.33934903144836,0.0,5.7
87.49652600288391,0.0,5.7
87.65358996391296,0.0,5.7
87.81068992614746,0.0,5.7
87.96781992912292,0.0,5.7
88.12504005432129,0.0,5.7
88.28211307525635,0.0,5.7
88.43918800354004,0.0,5.7
88.59597396850586,0.0,5.7
88.75309801101685,0.0,5.7
88.91013813018799,0.0,5.7
89.06721901893616,0.0,5.7
89.22429013252258,0.0,5.7
89.38126611709595,0.0,5.7
89.53852200508118,0.0,5.7
89.69580292701721,0.0,5.7
89.85301995277405,0.0,5.7
90.0102150440216,0.0,5.7
90.16737508773804,0.0,5.7
90.32419395446777,0.0,5.7
90.4813859462738,0.0,5.7
90.63866806030273,0.0,5.7
90.79563808441162,0.0,5.7
90.95286703109741,0.0,5.7
91.10996508598328,0.0,5.7
91.26706600189209,0.0,5.7
91.42436003684998,0.0,5.7
91.58172512054443,0.0,5.7
91.73896098136902,0.0,5.7
91.8958170413971,0.0,5.7
92.05244398117065,0.0,5.7
92.2096939086914,0.0,5.7
92.36560606956482,0.0,5.7
92.5227370262146,0.0,5.7
92.6798369884491,0.0,5.7
92.83685803413391,0.0,5.7
92.99386596679688,0.0,5.7
93.15087008476257,0.0,5.7
93.30790209770203,0.0,5.7
93.4650571346283,0.0,5.7
93.62192106246948,0.0,5.7
93.77862310409546,0.0,5.7
93.93546605110168,0.0,5.7
94.09250092506409,0.0,5.7
94.24954104423523,0.0,5.7
94.40665793418884,0.0,5.7
94.56363105773926,0.0,5.7
94.72088313102722,0.0,5.7
94.87803912162781,0.0,5.7
95.03554201126099,0.0,5.7
95.19268012046814,0.0,5.7
95.34995913505554,0.0,5.7
95.50727605819702,0.0,5.7
95.66437792778015,0.0,5.7
95.8215401172638,0.0,5.7
95.97904396057129,0.0,5.7
96.13626503944397,0.0,5.7
96.29552602767944,0.0,5.7
96.45264196395874,0.0,5.7
96.60986709594727,0.0,5.7
96.7669780254364,6.7,5.7
96.9240710735321,0.0,5.7
97.08080506324768,0.0,5.7
97.2378101348877,0.0,5.7
97.3947651386261,0.0,5.7
97.55179190635681,0.0,5.7
97.70875906944275,0.0,5.7
97.86593794822693,0.0,5.7
98.02304792404175,0.0,5.7
98.18011713027954,0.0,5.7
98.33713793754578,0.0,5.7
98.49418807029724,0.0,5.7
98.65130305290222,0.0,5.7
98.8083860874176,0.0,5.7
98.96539092063904,0.0,5.7
99.122554063797,0.0,5.7
99.27962493896484,0.0,5.7
99.43705201148987,0.0,5.7
99.59417605400085,0.0,5.7
99.75125002861023,0.0,5.7
99.90813207626343,0.0,5.7
100.06515908241272,0.0,5.7
100.22212791442871,0.0,5.7
100.37940192222595,0.0,5.7
100.53655695915222,0.0,5.7
100.69370603561401,0.0,5.7
100.85065507888794,0.0,5.7
101.00763201713562,0.0,5.7
101.16507411003113,0.0,5.7
101.32213592529297,0.0,5.7
101.47905111312866,0.0,5.7
101.6359760761261,0.0,5.7
101.79347395896912,0.0,5.7
101.95059108734131,0.0,5.7
102.107666015625,0.0,5.7
102.26468396186829,0.0,5.7
102.4216890335083,0.0,5.7
102.57897210121155,0.0,5.7
102.73598504066467,0.0,5.7
102.8931930065155,0.0,5.7
103.05024194717407,0.0,5.7
103.20737099647522,0.0,5.7
103.36475610733032,0.0,5.7
103.5220000743866,0.0,5.7
103.67911291122437,0.0,5.7
103.83623600006104,0.0,5.7
103.99331402778625,0.0,5.7
104.15044093132019,0.0,5.7
104.3075270652771,0.0,5.7
104.46475791931152,0.0,5.7
104.62189602851868,0.0,5.7
104.77942991256714,0.0,5.7
104.93662810325623,0.0,5.7
105.0937831401825,0.0,5.7
105.25083708763123,0.0,5.7
105.40790700912476,0.0,5.7
105.5650520324707,0.0,5.7
105.72210097312927,0.0,5.7
105.87918996810913,0.0,5.7
106.03653693199158,0.0,5.7
106.19336009025574,0.0,5.7
106.35048198699951,0.0,5.7
106.50746893882751,0.0,5.7
106.66452598571777,0.0,5.7
106.82136702537537,0.0,5.7
106.978590965271,0.0,5.7
107.13581991195679,0.0,5.7
107.29305911064148,0.0,5.7
107.45013403892517,0.0,5.7
107.6073830127716,0.0,5.7
107.76448702812195,0.0,5.7
107.9215841293335,0.0,5.7
108.07863903045654,0.0,5.7
108.23549604415894,0.0,5.7
108.39241099357605,0.0,5.7
108.54949998855591,0.0,5.7
108.70651912689209,0.0,5.7
108.86377692222595,0.0,5.7
109.02102303504944,0.0,5.7
109.17827892303467,0.0,5.7
109.33584213256836,0.0,5.7
109.49299097061157,0.0,5.7
109.65015196800232,0.0,5.7
109.80724501609802,0.0,5.7
109.96432209014893,0.0,5.7
110.12133598327637,0.0,5.7
110.2783739566803,0.0,5.7
110.4358880519867,0.0,5.7
110.59314393997192,0.0,5.7
110.7501950263977,0.0,5.7
110.90718913078308,0.0,5.7
111.06419205665588,0.0,5.7
111.22132706642151,0.0,5.7
111.37840008735657,0.0,5.7
111.53547096252441,0.0,5.7
111.69256711006165,0.0,5.7
111.84960603713989,0.0,5.7
112.00671195983887,0.0,5.7
112.16379594802856,0.0,5.7
112.32082796096802,0.0,5.7
112.47794008255005,0.0,5.7
112.63501000404358,0.0,5.7
112.79197311401367,0.0,5.7
112.94951510429382,0.0,5.7
113.10654091835022,0.0,5.7
113.26379609107971,0.0,5.7
113.42105603218079,0.0,5.7
113.57816290855408,0.0,5.7
113.73517107963562,0.0,5.7
113.8923020362854,0.0,5.7
114.04941701889038,0.0,5.7
114.20668506622314,0.0,5.7
114.36383199691772,0.0,5.7
114.52106595039368,0.0,5.7
114.67809891700745,0.0,5.7
114.8345639705658,0.0,5.7
114.99202394485474,0.0,5.7
115.14901614189148,0.0,5.7
115.30562901496887,0.0,5.7
115.46273612976074,0.0,5.7
115.6198320388794,0.0,5.7
115.77693700790405,0.0,5.7
115.93402409553528,0.0,5.7
116.09106612205505,0.0,5.7
116.24804496765137,0.0,5.7
116.40525603294373,0.0,5.7
116.56248903274536,0.0,5.7
116.71959209442139,0.0,5.7
116.87669610977173,0.0,5.7
117.03376412391663,0.0,5.7
117.19079399108887,0.0,5.7
117.34782290458679,0.0,5.7
117.50501799583435,0.0,5.7
117.66204905509949,0.0,5.7
117.81906795501709,0.0,5.7
117.97632193565369,0.0,5.7
118.13346004486084,0.0,5.7
118.29053997993469,0.0,5.7
118.44753313064575,0.0,5.7
118.60459399223328,0.0,5.7
118.76163697242737,0.0,5.7
118.91873598098755,0.0,5.7
119.07585597038269,0.0,5.7
119.23310112953186,0.0,5.7
119.39016008377075,0.0,5.7
119.54723191261292,0.0,5.7
119.70424699783325,0.0,5.7
119.86160111427307,0.0,5.7
120.0189950466156,0.0,5.7
120.17605400085449,0.0,5.7
120.3332450389862,0.0,5.7
120.49036812782288,0.0,5.7
120.64753293991089,0.0,5.7
120.80462193489075,0.0,5.7
120.9616551399231,0.0,5.7
121.11869311332703,0.0,5.7
121.27562212944031,0.0,5.7
121.43289613723755,0.0,5.7
121.59015798568726,0.0,5.7
121.747239112854,0.0,5.7
121.90435194969177,0.0,5.7
122.06136798858643,0.0,5.7
122.21846008300781,0.0,5.7
122.37553310394287,0.0,5.7
122.53255105018616,0.0,5.7
122.68978500366211,0.0,5.7
122.84689593315125,0.0,5.7
123.00397992134094,0.0,5.7
123.1611840724945,0.0,5.7
123.31848311424255,0.0,5.7
123.47572112083435,0.0,5.7
123.6327919960022,0.0,5.7
123.78992795944214,0.0,5.7
123.94736409187317,0.0,5.7
124.10441708564758,0.0,5.7
124.26146101951599,0.0,5.7
124.41848397254944,0.0,5.7
124.57562899589539,0.0,5.7
124.73280501365662,0.0,5.7
124.889897108078,0.0,5.7
125.04681706428528,0.0,5.7
125.203684091568,0.0,5.7
125.3609049320221,0.0,5.7
125.51809096336365,0.0,5.7
125.67515397071838,0.0,5.7
125.83227491378784,0.0,5.7
125.98945903778076,0.0,5.7
126.14666700363159,0.0,5.7
126.30376100540161,0.0,5.7
126.4607880115509,0.0,5.7
126.61788201332092,0.0,5.7
126.77489495277405,0.0,5.7
126.93193292617798,0.0,5.7
127.08904600143433,0.0,5.7
127.24620509147644,0.0,5.7
127.40361499786377,0.0,5.7
127.56086206436157,0.0,5.7
127.71791505813599,0.0,5.7
127.87498092651367,0.0,5.7
128.03207397460938,0.0,5.7
128.18919610977173,0.0,5.7
128.3462359905243,0.0,5.7
128.5034019947052,0.0,5.7
128.66051292419434,0.0,5.7
128.81754899024963,0.0,5.7
128.97469806671143,0.0,5.7
129.13158106803894,0.0,5.7
129.28883004188538,0.0,5.7
129.44614505767822,0.0,5.7
129.60312294960022,0.0,5.7
129.76020908355713,0.0,5.7
129.9172670841217,0.0,5.7
130.0742790699005,0.0,5.7
130.23134207725525,0.0,5.7
130.38836908340454,0.0,5.7
130.54562091827393,0.0,5.7
130.70281410217285,0.0,5.7
130.86000108718872,0.0,5.7
131.0170819759369,0.0,5.7
131.17412114143372,0.0,5.7
131.33119201660156,0.0,5.7
131.48807311058044,0.0,5.7
131.64486694335938,0.0,5.7
131.8021171092987,0.0,5.7
131.9592571258545,0.0,5.7
132.11630010604858,0.0,5.7
132.27329397201538,0.0,5.7
132.43039202690125,0.0,5.7
132.58744311332703,0.0,5.7
132.74448990821838,6.7,5.7
132.9015691280365,0.0,5.7
133.05863904953003,0.0,5.7
133.2157280445099,0.0,5.7
133.37279891967773,0.0,5.7
133.5298309326172,0.0,5.7
133.6869020462036,0.0,5.7
133.84394001960754,0.0,5.7
134.0011019706726,0.0,5.7
134.15814995765686,0.0,5.7
134.31522393226624,0.0,5.7
134.47226810455322,0.0,5.7
134.62948298454285,0.0,5.7
134.78657913208008,0.0,5.7
134.94363808631897,0.0,5.7
135.10080909729004,0.0,5.7
135.2578101158142,0.0,5.7
135.41462898254395,0.0,5.7
135.5716049671173,0.0,5.7
135.72830510139465,0.0,5.7
135.88546895980835,0.0,5.7
136.0426540374756,0.0,5.7
136.1996350288391,0.0,5.7
136.35685896873474,0.0,5.7
136.5139729976654,0.0,5.7
136.671040058136,0.0,5.7
136.82826495170593,0.0,5.7
136.98537397384644,0.0,5.7
137.14244604110718,0.0,5.7
137.29960799217224,6.7,5.7
137.45713591575623,0.0,5.7
137.61415791511536,0.0,5.7
137.77115297317505,0.0,5.7
137.92824697494507,0.0,5.7
138.08575105667114,0.0,5.7
138.24280500411987,0.0,5.7
138.39988207817078,0.0,5.7
138.5569770336151,0.0,5.7
138.71401500701904,0.0,5.7
138.87105011940002,0.0,5.7
139.02808499336243,0.0,5.7
139.1850860118866,0.0,5.7
139.34213709831238,0.0,5.7
139.49911999702454,0.0,5.7
139.65607404708862,0.0,5.7
139.81353211402893,0.0,5.7
139.97062611579895,0.0,5.7
140.1277210712433,0.0,5.7
140.2849440574646,0.0,5.7
140.44220805168152,0.0,5.7
140.5993070602417,0.0,5.7
140.75641298294067,0.0,5.7
140.91349291801453,0.0,5.7
141.07057309150696,0.0,5.7
141.2276611328125,0.0,5.7
141.38462090492249,0.0,5.7
141.5418140888214,0.0,5.7
141.69887113571167,0.0,5.7
141.85612392425537,0.0,5.7
142.01358294487,0.0,5.7
142.17065405845642,0.0,5.7
142.32772612571716,0.0,5.7
142.4848120212555,0.0,5.7
142.6418719291687,0.0,5.7
142.79896807670593,0.0,5.7
142.9561791419983,0.0,5.7
143.11344194412231,0.0,5.7
143.27079892158508,0.0,5.7
143.4280230998993,0.0,5.7
143.585186958313,0.0,5.7
143.7424030303955,0.0,5.7
143.89981698989868,0.0,5.7
144.05618596076965,0.0,5.7
144.21328711509705,0.0,5.7
144.37055492401123,0.0,5.7
144.52769303321838,0.0,5.7
144.68478393554688,0.0,5.7
144.84198904037476,0.0,5.7
144.99882793426514,0.0,5.7
145.15571999549866,0.0,5.7
145.31281113624573,0.0,5.7
145.46989798545837,0.0,5.7
145.62690210342407,0.0,5.7
145.78398394584656,0.0,5.7
145.94117712974548,0.0,5.7
146.09825897216797,0.0,5.7
146.2551670074463,0.0,5.7
146.41214895248413,0.0,5.7
146.56932997703552,0.0,5.7
146.72653007507324,0.0,5.7
146.8836669921875,0.0,5.7
147.04087209701538,0.0,5.7
147.19791507720947,0.0,5.7
147.3549690246582,0.0,5.7
147.51205611228943,0.0,5.7
147.66910910606384,0.0,5.7
147.8261740207672,0.0,5.7
147.9832570552826,0.0,5.7
148.14035201072693,0.0,5.7
148.297425031662,0.0,5.7
148.45454096794128,0.0,5.7
148.61180305480957,0.0,5.7
148.76885604858398,0.0,5.7
148.92592692375183,0.0,5.7
149.08298206329346,0.0,5.7
149.2399549484253,0.0,5.7
149.39710307121277,0.0,5.7
149.55417799949646,0.0,5.7
149.71129703521729,0.0,5.7
149.86843395233154,0.0,5.7
150.02579402923584,0.0,5.7
150.18287205696106,0.0,5.7
150.33998107910156,0.0,5.7
150.49762797355652,0.0,5.7
150.65525603294373,0.0,5.7
150.81217098236084,0.0,5.7
150.96921610832214,0.0,5.7
151.1262879371643,0.0,5.7
151.2834050655365,0.0,5.7
151.4404981136322,0.0,5.7
151.59763312339783,0.0,5.7
151.75481510162354,0.0,5.7
151.91183495521545,0.0,5.7
152.06908106803894,0.0,5.7
152.22634291648865,0.0,5.7
152.38361191749573,0.0,5.7
152.54085397720337,0.0,5.7
152.697979927063,0.0,5.7
152.85506296157837,0.0,5.7
153.0123999118805,0.0,5.7
153.16962695121765,0.0,5.7
153.32680201530457,0.0,5.7
153.48403096199036,0.0,5.7
153.64109897613525,0.0,5.7
153.79807996749878,0.0,5.7
153.95511603355408,0.0,5.7
154.1123011112213,0.0,5.7
154.26934504508972,0.0,5.7
154.42639803886414,0.0,5.7
154.5834140777588,0.0,5.7
154.740483045578,0.0,5.7
154.89762496948242,0.0,5.7
155.05482506752014,0.0,5.7
155.21212601661682,0.0,5.7
155.36922597885132,0.0,5.7
155.52626705169678,0.0,5.7
155.68347311019897,0.0,5.7
155.84053707122803,0.0,5.7
155.99759793281555,0.0,5.7
156.1546769142151,0.0,5.7
156.3117320537567,0.0,5.7
156.4688000679016,0.0,5.7
156.62581396102905,0.0,5.7
156.782860994339,0.0,5.7
156.9399290084839,0.0,5.7
157.09705209732056,0.0,5.7
157.2541060447693,0.0,5.7
157.41110706329346,0.0,5.7
157.56815695762634,0.0,5.7
157.72501301765442,0.0,5.7
157.88217210769653,0.0,5.7
158.03922295570374,0.0,5.7
158.19624209403992,0.0,5.7
158.3533239364624,0.0,5.7
158.5104730129242,0.0,5.7
158.66758513450623,0.0,5.7
158.82479310035706,0.0,5.7
158.98177003860474,0.0,5.7
159.1389729976654,0.0,5.7
159.2961230278015,0.0,5.7
159.452898979187,0.0,5.7
159.6098349094391,0.0,5.7
159.76688504219055,0.0,5.7
159.92402911186218,0.0,5.7
160.08070611953735,0.0,5.7
160.23776006698608,0.0,5.7
160.39496397972107,0.0,5.7
160.5523281097412,0.0,5.7
160.70956206321716,0.0,5.7
160.86613607406616,0.0,5.7
161.02358198165894,0.0,5.7
161.18073797225952,0.0,5.7
161.33790397644043,0.0,5.7
161.49549794197083,0.0,5.7
161.65261507034302,0.0,5.7
161.809641122818,0.0,5.7
161.96676397323608,0.0,5.7
162.12383008003235,0.0,5.7
162.28087711334229,0.0,5.7
162.43790793418884,0.0,5.7
162.59494304656982,0.0,5.7
162.75197505950928,0.0,5.7
162.90918707847595,0.0,5.7
163.0670609474182,0.0,5.7
163.2243149280548,0.0,5.7
163.38121604919434,0.0,5.7
163.53830099105835,0.0,5.7
163.69541597366333,0.0,5.7
163.85244011878967,0.0,5.7
164.00949597358704,0.0,5.7
164.1665289402008,0.0,5.7
164.32361793518066,0.0,5.7
164.48073506355286,0.0,5.7
164.6379280090332,0.0,5.7
164.7949731349945,0.0,5.7
164.95201110839844,0.0,5.7
165.10911202430725,0.0,5.7
165.26619005203247,0.0,5.7
165.4234220981598,0.0,5.7
165.58054900169373,0.0,5.7
165.73759198188782,0.0,5.7
165.89484310150146,0.0,5.7
166.0518820285797,0.0,5.7
166.20899105072021,0.0,5.7
166.3660659790039,0.0,5.7
166.52315998077393,0.0,5.7
166.6802899837494,0.0,5.7
166.83714509010315,0.0,5.7
166.99422812461853,0.0,5.7
167.15134596824646,0.0,5.7
167.30836009979248,0.0,5.7
167.46570801734924,0.0,5.7
167.62263298034668,0.0,5.7
167.77962803840637,0.0,5.7
167.93652510643005,0.0,5.7
168.0935959815979,0.0,5.7
168.25065207481384,0.0,5.7
168.40763592720032,0.0,5.7
168.56432700157166,0.0,5.7
168.7213649749756,0.0,5.7
168.87842893600464,0.0,5.7
169.0357620716095,0.0,5.7
169.19288206100464,0.0,5.7
169.34993696212769,0.0,5.7
169.50729608535767,0.0,5.7
169.6644229888916,0.0,5.7
169.82145500183105,0.0,5.7
169.97852993011475,0.0,5.7
170.13567805290222,0.0,5.7
170.29270005226135,0.0,5.7
170.4498839378357,0.0,5.7
170.60720300674438,0.0,5.7
170.76429796218872,0.0,5.7
170.92133712768555,0.0,5.7
171.07828903198242,0.0,5.7
171.23531413078308,0.0,5.7
171.39237594604492,0.0,5.7
171.54946899414062,0.0,5.7
171.7064619064331,0.0,5.7
171.86362195014954,0.0,5.7
172.0209150314331,0.0,5.7
172.17827892303467,0.0,5.7
172.33585691452026,0.0,5.7
172.4932689666748,0.0,5.7
172.65041708946228,0.0,5.7
172.80754613876343,0.0,5.7
172.9643669128418,0.0,5.7
173.12151408195496,0.0,5.7
173.2789409160614,0.0,5.7
173.43606901168823,0.0,5.7
173.5932490825653,0.0,5.7
173.75033402442932,0.0,5.7
173.90748190879822,0.0,5.7
174.06464195251465,0.0,5.7
174.22216200828552,0.0,5.7
174.37922310829163,0.0,5.7
174.53637194633484,0.0,5.7
174.69371604919434,0.0,5.7
174.85090899467468,0.0,5.7
175.00800609588623,0.0,5.7
175.16527104377747,0.0,5.7
175.32260298728943,0.0,5.7
175.47960901260376,0.0,5.7
175.63631796836853,0.0,5.7
175.79338812828064,0.0,5.7
175.95047211647034,0.0,5.7
176.10753393173218,0.0,5.7
176.2645399570465,0.0,5.7
176.42156291007996,0.0,5.7
176.57875990867615,0.0,5.7
176.7358500957489,0.0,5.7
176.89296793937683,0.0,5.7
177.0502541065216,0.0,5.7
177.20755696296692,0.0,5.7
177.36485195159912,0.0,5.7
177.52212691307068,0.0,5.7
177.67953205108643,0.0,5.7
177.83682703971863,0.0,5.7
177.99395108222961,0.0,5.7
178.15123391151428,0.0,5.7
178.30842399597168,0.0,5.7
178.46466207504272,0.0,5.7
178.621808052063,0.0,5.7
178.77883291244507,0.0,5.7
178.93590807914734,0.0,5.7
179.09316301345825,0.0,5.7
179.25041604042053,0.0,5.7
179.40751791000366,0.0,5.7
179.5646641254425,0.0,5.7
179.72195100784302,0.0,5.7
179.87931394577026,0.0,5.7
180.03632712364197,0.0,5.7
180.19274592399597,0.0,5.7
180.35029006004333,0.0,5.7
180.50740313529968,0.0,5.7
180.66442704200745,0.0,5.7
180.82136607170105,0.0,5.7
180.9784700870514,0.0,5.7
181.13549995422363,0.0,5.7
181.2927210330963,0.0,5.7
181.44983005523682,0.0,5.7
181.60684394836426,0.0,5.7
181.76391911506653,0.0,5.7
181.9209930896759,0.0,5.7
182.07804608345032,0.0,5.7
182.23512196540833,0.0,5.7
182.39222598075867,0.0,5.7
182.54927802085876,0.0,5.7
182.70633697509766,0.0,5.7
182.86340808868408,0.0,5.7
183.02052402496338,0.0,5.7
183.17789101600647,0.0,5.7
183.3352689743042,0.0,5.7
183.49246501922607,0.0,5.7
183.64961409568787,0.0,5.7
183.80711007118225,0.0,5.7
183.96418404579163,0.0,5.7
184.1211850643158,0.0,5.7
184.2783350944519,0.0,5.7
184.4357669353485,0.0,5.7
184.5929470062256,0.0,5.7
184.74990105628967,0.0,5.7
184.9070200920105,0.0,5.7
185.0640571117401,0.0,5.7
185.22116208076477,0.0,5.7
185.37833094596863,0.0,5.7
185.5356469154358,0.0,5.7
185.6927421092987,0.0,5.7
185.84985494613647,6.7,5.7
186.00664710998535,0.0,5.7
186.1636209487915,0.0,5.7
186.3206820487976,0.0,5.7
186.47776293754578,0.0,5.7
186.63469004631042,0.0,5.7
186.7916259765625,0.0,5.7
186.94847297668457,0.0,5.7
187.10566592216492,0.0,5.7
187.26266503334045,0.0,5.7
187.41982913017273,0.0,5.7
187.57704496383667,0.0,5.7
187.73431396484375,0.0,5.7
187.8917670249939,0.0,5.7
188.04889297485352,0.0,5.7
188.2059690952301,0.0,5.7
188.3632869720459,0.0,5.7
188.52042603492737,0.0,5.7
188.67759895324707,0.0,5.7
188.83489513397217,0.0,5.7
188.9921751022339,0.0,5.7
189.1494379043579,0.0,5.7
189.30654096603394,0.0,5.7
189.46345496177673,0.0,5.7
189.62036395072937,0.0,5.7
189.77785110473633,0.0,5.7
189.935142993927,0.0,5.7
190.09231901168823,0.0,5.7
190.24978399276733,0.0,5.7
190.40665698051453,0.0,5.7
190.56360602378845,0.0,5.7
190.72038793563843,0.0,5.7
190.87747597694397,0.0,5.7
191.0344750881195,0.0,5.7
191.19156193733215,0.0,5.7
191.3487401008606,0.0,5.7
191.50583600997925,0.0,5.7
191.66272807121277,0.0,5.7
191.81960010528564,0.0,5.7
191.97639894485474,0.0,5.7
192.13346195220947,0.0,5.7
192.29054713249207,0.0,5.7
192.44796204566956,0.0,5.7
192.60516810417175,0.0,5.7
192.76233100891113,0.0,5.7
192.91949200630188,0.0,5.7
193.07658505439758,0.0,5.7
193.23370909690857,0.0,5.7
193.39101195335388,0.0,5.7
193.54822897911072,0.0,5.7
193.70525693893433,0.0,5.7
193.8622751235962,0.0,5.7
194.01933813095093,0.0,5.7
194.17641592025757,0.0,5.7
194.33346796035767,0.0,5.7
194.49056005477905,0.0,5.7
194.64763593673706,0.0,5.7
194.8049259185791,0.0,5.7
194.96212601661682,0.0,5.7
195.11936902999878,0.0,5.7
195.2764630317688,0.0,5.7
195.43400192260742,0.0,5.7
195.5912480354309,0.0,5.7
195.7481529712677,0.0,5.7
195.9052119255066,0.0,5.7
196.06226801872253,0.0,5.7
196.21898293495178,0.0,5.7
196.3761579990387,0.0,5.7
196.5332441329956,0.0,5.7
196.69027996063232,0.0,5.7
196.84725999832153,0.0,5.7
197.0043020248413,0.0,5.7
197.16142392158508,0.0,5.7
197.31839108467102,0.0,5.7
197.47555899620056,0.0,5.7
197.63272094726562,0.0,5.7
197.78990602493286,0.0,5.7
197.94728994369507,0.0,5.7
198.1048231124878,0.0,5.7
198.26209592819214,0.0,5.7
198.4192271232605,0.0,5.7
198.57635402679443,0.0,5.7
198.73341703414917,0.0,5.7
198.89049100875854,0.0,5.7
199.0474259853363,0.0,5.7
199.2043650150299,0.0,5.7
199.36159300804138,0.0,5.7
199.51899099349976,0.0,5.7
199.67649292945862,0.0,5.7
199.8337700366974,0.0,5.7
199.9909119606018,0.0,5.7
200.1480131149292,0.0,5.7
200.30521512031555,0.0,5.7
200.46232199668884,0.0,5.7
200.61936902999878,0.0,5.7
200.77644205093384,0.0,5.7
200.93346309661865,0.0,5.7
201.0905361175537,0.0,5.7
201.2476189136505,0.0,5.7
201.40482306480408,0.0,5.7
201.56201910972595,0.0,5.7
201.71953511238098,0.0,5.7
201.8766520023346,0.0,5.7
202.03384399414062,0.0,5.7
202.1910331249237,0.0,5.7
202.34810709953308,0.0,5.7
202.50514912605286,0.0,5.7
202.66239500045776,0.0,5.7
202.81949400901794,0.0,5.7
202.9765419960022,0.0,5.7
203.13370609283447,0.0,5.7
203.29093098640442,0.0,5.7
203.4478690624237,0.0,5.7
203.60505890846252,0.0,5.7
